22
25
61
80
173
149
172
186
184
9
21
137
14
72
124
164
116
54
58
79
135
26
19
48
95
127
4
7
43
112
97
174
155
198
8
40
139
170
188
150
18
104
91
169
5
133
179
20
81
129
152
154
166
86
70
144
182
37
63
114
180
64
71
162
123
17
115
151
163
88
141
46
84
128
113
89
109
27
50
56
51
55
167
45
125
69
92
160
185
181
187
190
147
41
168
33
121
183
178
42
99
130
146
38
105
161
3
119
189
117
120
15
75
157
10
90
159
165
197
82
153
156
192
100
136
6
85
191
131
12
87
177
34
107
132
158
195
28
93
148
122
67
74
175
52
103
59
73
76
111
194
53
77
196
96
29
83
57
60
24
31
145
49
140
39
23
36
47
98
101
118
199
30
44
138
78
176
193
13
65
108
110
66
126
106
171
11
102
134
68
142
16
35
62
143
32
94
